1995,84.133
1960,122.227
1986,82.303
1970,114.152
1965,96.376
1953,113.543
1969,108.975
1997,109.869
1991,123.419
1971,136.423
1991,122.665
1977,114.461
1977,120.436
1981,132.187
1977,108.042
1971,97.866
1971,66.403
1974,83.864
1974,163.486
1970,119.952
1991,78.631
1991,75.179
2011,120.019
2011,130.019
1974,117.631
1982,100.69
2011,129.047
1974,97.087
2011,123.948
2011,130.587
2011,135.202
1960,77.66
1979,105.721
1952,146.587
2012,92.014
2012,134.744
2012,127.518
2012,113.958
2012,128.513
2012,143.967
2012,135.889
2012,129.835
1955,0.0
1974,147.749
1974,115.563
1952,104.0
1952,96.179
1995,79.948
1995,87.184
1995,127.052
1995,105.323
1995,84.986
1995,76.046
1995,121.926
1950,96.556
1950,105.854
1968,113.569
1991,169.364
1991,105.72
1996,96.761
1996,113.108
1991,115.638
1991,90.634
1991,117.583
1996,88.657
1996,95.61
1996,92.323
1996,101.271
1996,111.446
1958,139.778
1996,141.511
1955,90.034
1955,94.79
1955,92.953
1955,125.572
1955,114.296
1955,108.433
1952,89.538
1952,73.007
1952,92.929
1955,101.532
1955,127.771
1952,161.171
1952,118.122
1968,110.31
1953,109.797
1968,109.895
1953,77.111
1961,78.609
1961,94.215
1961,144.972
1992,94.035
1992,135.994
1992,82.279
1992,128.57
1992,106.504
1992,85.305
1992,92.635
1992,79.084
1992,81.968
1973,121.04
1973,70.038
1967,123.243
1961,162.71
1973,133.434
1973,89.984
1973,89.91
1973,99.046
1973,80.639
1973,89.283
1973,125.859
1952,88.233
1951,132.161
2010,125.913
1951,78.224
1951,78.386
1951,72.181
2010,108.089
1951,81.306
2010,128.076
1951,74.345
1951,70.495
2010,125.223
1978,120.389
1978,124.113
1978,91.17
1978,148.674
1978,119.445
1978,163.079
1978,110.04
1978,231.862
1978,122.379
2003,94.099
2001,87.078
1964,132.222
2004,101.012
1999,90.565
1999,94.449
1999,144.792
1999,92.932
1999,76.388
1999,155.963
1999,85.539
1999,89.259
1997,189.214
1997,93.932
1997,74.924
1997,136.682
1994,121.126
1994,175.329
1997,85.505
1994,95.286
1994,81.638
1994,93.898
1994,96.117
1994,85.896
1994,105.723
1994,83.923
1971,108.889
1990,135.232
1990,112.968
1990,116.01
1990,121.542
1968,123.651
1990,115.179
1990,104.593
1990,102.389
1990,114.621
1954,103.074
1954,87.541
1954,85.574
1956,72.849
1954,74.847
1956,91.966
1956,107.152
1956,86.807
1956,78.875
1956,92.094
1956,85.768
1959,128.588
1959,128.389
1959,96.117
1959,84.099
1959,89.285
1959,137.173
1959,60.02
1959,136.104
1959,118.131
1993,97.643
1993,90.081
1993,74.081
1993,120.115
1993,85.475
1993,100.654
1993,100.069
1993,83.294
1977,137.941
1977,85.282
1971,90.862
1971,138.647
1977,145.638
1971,129.78
1971,128.984
1971,106.294
1977,103.701
1971,151.86
1977,114.997
1977,99.876
1979,115.795
1979,129.969
1974,119.89
1979,117.054
1979,111.125
1979,142.152
2007,82.946
1979,98.311
1979,120.467
1953,122.783
1953,83.089
1953,106.993
1953,81.718
1953,90.033
1953,128.901
1950,94.262
1950,91.381
1950,80.763
1950,110.648
1950,73.038
1950,125.939
1950,71.564
1951,119.427
1990,207.332
1970,71.952
1970,138.217
1972,71.015
1972,85.282
1972,95.072
1972,131.865
1970,137.489
1970,128.694
1970,131.179
1970,107.729
1970,126.488
1970,162.756
1972,118.951
1972,112.954
1972,100.912
1998,93.031
1998,103.598
1972,121.427
1998,99.921
1998,154.63
1972,119.129
1998,84.264
1998,127.435
1998,92.964
1998,120.846
1961,115.999
1967,97.788
1951,71.337
1951,114.984
1959,119.144
1958,80.735
1958,78.212
1958,125.356
1958,75.63
1958,82.499
1958,158.038
1958,77.088
1958,108.569
1958,85.802
2010,170.8
1998,133.015
1976,101.117
1976,80.355
1975,148.856
1998,106.13
1975,119.432
1975,122.701
1975,85.078
1975,80.681
1976,137.946
1975,140.118
1975,110.033
1976,134.006
1976,108.624
1976,142.254
1976,118.505
1994,92.95
1957,135.275
1957,150.619
1957,120.915
1957,80.943
1957,164.871
1957,83.271
1957,66.04
1957,80.055
1957,86.768
1988,123.873
1963,69.39
1980,81.414
1988,138.597
1988,111.427
1988,87.835
1988,113.013
1988,95.852
1979,77.556
1988,99.244
1988,103.547
1993,129.101
2004,128.005
2010,108.969
1972,111.218
1980,116.294
1975,134.125
1980,122.086
1965,123.392
2009,144.084
2009,119.996
2009,80.318
2009,86.674
1961,116.728
2009,86.62
2009,124.964
2009,117.956
2006,96.172
2001,123.477
2001,107.364
2001,92.897
2001,86.0
2001,95.712
2001,126.009
2001,88.925
2001,95.979
2001,104.05
1980,113.177
1980,192.915
1996,120.993
1973,142.723
1991,97.739
2006,114.244
1965,91.201
2006,117.003
2006,91.899
2006,147.003
2006,84.698
2006,120.046
2006,133.949
2006,121.571
1982,105.013
1982,91.577
1982,125.155
1982,138.746
1982,118.52
1982,129.817
1982,129.458
1982,139.108
1976,108.992
2002,111.107
2002,130.039
2002,112.268
2005,123.074
2002,85.7
2002,116.16
2002,130.981
2005,92.251
2005,103.127
2005,138.552
2002,89.37
2002,85.24
2005,98.997
2005,140.009
1986,103.642
1986,122.782
1981,121.913
1986,129.759
1986,105.468
1986,111.526
1986,133.687
1981,117.922
1981,144.465
1981,124.789
1986,96.333
1981,131.02
1981,118.453
1965,111.524
1992,74.529
1985,116.728
1985,111.338
1985,104.618
1985,118.468
1985,124.151
1985,118.982
1985,116.625
1985,111.583
1985,139.833
1996,175.115
1960,130.439
1960,137.218
1960,132.493
1960,106.147
1960,81.165
1960,131.171
1960,143.351
1960,137.039
1968,118.403
2000,105.188
1968,74.689
1968,130.555
1968,103.598
1968,145.993
1968,138.049
2000,136.11
2000,89.171
2000,137.558
2000,97.126
2000,89.124
2000,126.025
2000,94.812
1962,147.937
1995,144.776
2008,121.576
2008,137.875
2008,131.993
2008,77.817
2008,135.363
2008,127.981
1997,81.85
2008,70.39
2008,76.729
1997,129.683
2004,100.954
2004,128.0
2004,130.992
2004,166.776
2007,89.32
2004,132.396
1988,98.723
2007,127.797
2007,97.067
2007,104.058
2007,113.029
1988,108.808
2007,86.03
2004,71.127
2007,142.622
1980,107.47
1980,162.117
1980,157.981
1980,127.117
1983,130.456
1983,115.085
1980,142.569
1983,122.522
1983,108.813
1983,130.515
1983,115.298
1983,117.373
1983,119.672
1983,129.928
2003,79.479
2003,122.306
2003,74.538
2003,87.531
2003,76.559
2003,91.805
2003,147.944
2003,119.822
2003,66.504
1965,103.57
1987,133.764
1987,109.933
1987,101.664
1987,84.977
1987,114.113
1987,127.095
1987,121.951
1987,73.66
1997,96.304
1987,110.217
1984,99.797
1984,88.714
1984,97.885
1984,121.932
1984,120.61
1984,167.864
1984,121.956
1984,107.198
1989,110.126
1989,84.32
1984,138.8
1989,102.995
1989,130.014
1989,117.542
1989,114.511
1975,116.771
1974,146.763
1964,133.494
1962,88.848
1975,143.985
1964,134.47
1962,76.06
1962,118.397
1962,126.987
1962,118.19
1962,86.005
1962,67.641
1964,104.992
1967,74.263
1967,130.814
1967,115.249
1967,80.087
1967,126.916
1967,107.518
1967,117.259
1969,119.624
1969,94.247
1969,76.415
1969,83.78
1969,89.693
1969,119.257
1969,97.539
1989,111.932
1976,135.707
1990,133.376
1976,110.832
2005,133.304
1997,104.371
2008,125.467
1963,150.882
1963,131.254
1961,94.622
1963,124.52
1963,77.227
1963,138.029
1963,129.021
1963,80.115
1963,108.848
1961,82.408
1961,72.362
1978,92.001
2005,123.079
1964,138.002
1954,92.341
1983,92.062
1962,127.239
1986,121.963
1954,100.264
1964,117.415
1964,73.891
1974,127.174
1964,133.792
1986,94.933
1981,194.752
1969,118.655
1969,83.206
1966,120.054
1966,95.571
1966,75.615
1966,98.8
1966,189.174
1966,124.368
1966,137.584
1965,145.521
1966,127.893
1966,160.874
1965,81.225
1965,102.801
1965,95.801
2012,79.998
1962,120.909
1961,119.642
1967,117.683
1966,101.157
2000,119.758
2009,145.599
