1995,0.0737406486537,84.133,6,0.130638252659,0.772347316228,8,-7.037,278.81905
1960,0.0531223167233,122.227,7,0.515041990536,0.418265008002,10,-10.695,140.65741
1986,0.0484998570544,82.303,8,0.358294390212,0.443435594359,10,-7.123,230.62313
1970,0.0377793806176,114.152,5,0.155914844679,0.495304924529,1,-12.32,434.01252
1965,0.0352545184666,96.376,7,0.0734573668796,0.609551857735,10,-12.224,198.53061
1953,0.0387737633652,113.543,5,0.107374738171,0.410183993349,10,-10.36,242.49333
1969,0.0776040507112,108.975,10,0.418972963428,0.695998015288,10,-9.368,172.7619
1997,0.084239187176,109.869,7,0.107853919415,0.923956384295,10,-7.854,208.06485
1991,0.0493515351091,123.419,10,0.795422717201,0.334090797816,7,-8.411,216.33415
1971,0.0441267007885,136.423,2,0.988782607126,0.415556851962,7,-8.874,549.57333
1991,0.0284958975179,122.665,4,0.263781544586,0.666988757886,6,-5.363,30.16798
1977,0.0453566584166,114.461,0,0.954717167581,0.649464918467,4,-15.734,205.68771
1977,0.0402161757607,120.436,0,0.0871297498735,0.839848060282,7,-15.025,253.72689
1981,0.114468777377,132.187,2,0.53339304326,0.29910719431,10,-3.754,303.92272
1977,0.0988611354065,108.042,4,0.0675103486831,0.83936294676,6,-7.296,208.31456
1971,0.0532093525722,97.866,11,0.114474828154,0.46527067308,3,-8.406,240.75002
1971,0.0324095905741,66.403,7,0.26071635419,0.335841674304,1,-17.315,518.13832
1974,0.0334067584407,83.864,2,0.10933915776,0.385725263667,6,-9.822,683.2
1974,0.0320322684659,163.486,9,0.0914564139047,0.516994194929,7,-10.698,204.32934
1970,0.137624733709,119.952,7,0.343213974063,0.393823601368,10,-5.686,332.99982
1991,0.0319162467719,78.631,11,0.136425734516,0.197119499045,9,-9.076,537.03946
1991,0.0446541870683,75.179,2,0.121629719525,0.304253554079,8,-5.283,341.16
2011,0.0377936910607,120.019,7,0.110397888838,0.781926933213,9,-7.084,193.43778
2011,0.302779822211,130.019,7,0.207027354542,0.716033833471,8,-4.436,199.48
1974,0.0604962073402,117.631,0,0.0816220675666,0.550709815813,5,-7.444,236.16
1982,0.0360061931032,100.69,4,0.086092795987,0.725308650736,10,-18.391,261.48526
2011,0.0361344353139,129.047,0,0.102464340365,0.864659623774,1,-7.522,245.75528
1974,0.0267268925447,97.087,2,0.178193925422,0.584105106241,2,-11.948,285.0985
2011,0.122924881536,123.948,11,0.3475833105,0.612968323264,2,-5.046,260.46667
2011,0.0550384248307,130.587,6,0.251730207071,0.732598050321,5,-17.463,208.48281
2011,0.0288447194822,135.202,9,0.0967576020285,0.555864686346,6,-8.93,281.33297
1960,0.0357077026713,77.66,2,0.224984448794,0.499947283285,9,-5.769,157.63701
1979,0.0584137531145,105.721,0,0.810163682778,0.45752236958,1,-14.569,328.98032
1952,0.0353983248657,146.587,4,0.229967374704,0.553939414638,9,-8.218,161.12
2012,0.0429696709679,92.014,11,0.125989090994,0.560347005594,3,-5.347,225.22776
2012,0.253916392514,134.744,4,0.0973593213749,0.704852359534,1,-15.523,213.4722
2012,0.114904873129,127.518,11,0.494962318791,0.734602833464,6,-15.339,204.48608
2012,0.0425386087459,113.958,7,0.454150316955,0.585280334899,7,-14.913,228.362
2012,0.0471079369871,128.513,7,0.186001096993,0.648445991762,4,-14.994,193.4624
2012,0.0434282806976,143.967,5,0.279964083458,0.731447401051,5,-4.823,233.56082
2012,0.0718577876142,135.889,8,0.169302281177,0.657554922858,8,-9.381,232.90667
2012,0.060110172522,129.835,0,0.0986342500351,0.710110730934,9,-11.846,200.80431
1955,0.101675540014,0.0,5,0.163273566672,0.0,10,-12.552,156.92
1974,0.0515078741308,147.749,11,0.199065426692,0.399035138542,8,-8.934,168.58367
1974,0.0672039325623,115.563,5,0.181343788761,0.569188891557,9,-8.035,207.6
1952,0.0342568303734,104.0,0,0.113451337934,0.481253718481,6,-17.869,177.42367
1952,0.0297812005749,96.179,4,0.159457865882,0.315408294432,7,-13.758,126.77333
1995,0.0465889282949,79.948,0,0.231590000237,0.642577635291,1,-7.97,240.48
1995,0.0314004234262,87.184,6,0.151530741736,0.505767362008,2,-4.611,258.08
1995,0.0348866524365,127.052,3,0.0582252699065,0.757546468273,5,-11.771,265.99293
1995,0.0487169532039,105.323,11,0.689086294943,0.660758535876,4,-8.648,249.2
1995,0.0591004549615,84.986,11,0.118661102753,0.301276033559,7,-8.02,225.93333
1995,0.0323116416174,76.046,5,0.129559621049,0.519308147139,6,-6.267,262.83211
1995,0.0599625049773,121.926,10,0.0661950872736,0.39131499192,9,-7.972,256.8127
1950,0.0332598370304,96.556,2,0.270593655356,0.592642639194,8,-9.828,173.86667
1950,0.0427421346999,105.854,6,0.148582954884,0.467856811948,9,-13.712,183.66404
1968,0.0650042124726,113.569,8,0.0892978874798,0.398246278142,3,-7.354,239.72526
1991,0.033679916486,169.364,4,0.11157418126,0.49493645463,5,-8.428,265.50812
1991,0.0305075419752,105.72,2,0.136400636712,0.295322206986,4,-8.945,289.62667
1996,0.0436319764226,96.761,2,0.212169655318,0.776817872775,8,-23.182,30.04798
1996,0.582331908656,113.108,8,0.0683565980258,0.636298956503,9,-14.908,251.42812
1991,0.031343931037,115.638,1,0.251440766038,0.557033081816,1,-22.447,30.09601
1991,0.0264917632533,90.634,0,0.166124499819,0.563794714564,3,-9.185,276.18667
1991,0.0316048462201,117.583,11,0.800495589891,0.631111184034,2,-15.122,298.93333
1996,0.353898122091,88.657,4,0.357576984264,0.794899376589,2,-6.558,305.02703
1996,0.169952631759,95.61,2,0.282932555166,0.769353402787,3,-6.405,169.22703
1996,0.060401858184,92.323,4,0.0919106406391,0.788891967854,1,-23.761,216.05832
1996,0.0361516312327,101.271,4,0.0890204398268,0.532516486617,6,-10.254,316.33333
1996,0.0308092448829,111.446,9,0.299450236733,0.667763599647,7,-18.932,30.04798
1958,0.0955930755166,139.778,7,0.0792693515356,0.538455659357,10,-11.962,164.0
1996,0.0919591965206,141.511,6,0.149054634074,0.310048862054,5,-5.96,280.79846
1955,0.0257752019345,90.034,8,0.216519187319,0.480546463582,5,-7.454,200.16
1955,0.0374929264505,94.79,1,0.240461209989,0.365175371393,4,-9.451,161.04054
1955,0.0371654975319,92.953,11,0.0950645639341,0.375588358554,6,-6.277,147.16
1955,0.137895896322,125.572,1,0.0831610495117,0.506340016788,1,-16.456,145.1083
1955,0.0776776378735,114.296,4,0.0828599987264,0.598325240188,3,-12.013,272.41905
1955,0.0548121211205,108.433,0,0.897869511606,0.445852375662,2,-10.424,203.80735
1952,0.0542957534875,89.538,7,0.851631858099,0.583024428885,2,-10.538,207.3219
1952,0.0721548834148,73.007,5,0.146453875672,0.693683694409,3,-22.435,137.60331
1952,0.0342162228631,92.929,3,0.189788769813,0.611252975471,1,-9.796,153.68
1955,0.032506647766,101.532,1,0.948803763045,0.500703004018,9,-10.923,153.89333
1955,0.122234558876,127.771,8,0.974350202618,0.636614027186,8,-12.928,149.66667
1952,0.0633926944938,161.171,3,0.223904210764,0.526643287938,4,-5.506,149.38231
1952,0.0504706017014,118.122,1,0.0914557765921,0.736318510038,5,-13.45,180.8
1968,0.0517846225742,110.31,4,0.899142406354,0.618205422586,9,-7.288,323.17333
1953,0.0442672653155,109.797,4,0.117743071448,0.609977372424,9,-18.425,154.70757
1968,0.0300531569732,109.895,2,0.0455851180582,0.562396237745,8,-13.741,298.30639
1953,0.0934581394964,77.111,9,0.581360435505,0.716611235899,8,-13.665,167.58667
1961,0.0441763488627,78.609,2,0.66155458717,0.525670040371,4,-13.62,160.65887
1961,0.0315194868331,94.215,2,0.0871711676956,0.325613198487,5,-13.082,170.00444
1961,0.0469015819767,144.972,8,0.0632132150186,0.68533905141,7,-10.664,148.97333
1992,0.0244449414714,94.035,2,0.134377144916,0.496750763686,8,-7.034,316.88
1992,0.0359348617265,135.994,10,0.362840794529,0.535585715746,9,-4.666,215.29333
1992,0.128331436059,82.279,5,0.248482318699,0.809947042265,6,-8.313,261.68272
1992,0.315685080585,128.57,6,0.335932710507,0.868104094343,7,-10.805,232.97415
1992,0.165698326456,106.504,7,0.340622981045,0.595392872418,4,-5.574,408.20354
1992,0.0438128848865,85.305,7,0.105149756955,0.252267801888,5,-18.444,391.73179
1992,0.0359880782519,92.635,7,0.112856376428,0.536175969699,2,-13.866,235.86785
1992,0.0306825356779,79.084,9,0.653225378314,0.701824003608,3,-22.663,284.1073
1992,0.372445969206,81.968,11,0.110631175711,0.613744408492,1,-4.819,203.91719
1973,0.0304563983694,121.04,5,0.139467494273,0.543550039694,9,-10.433,193.92109
1973,0.0450945433972,70.038,5,0.830246827917,0.358914013465,8,-15.326,311.44
1967,0.0402210039665,123.243,4,0.745934250559,0.229449684544,10,-7.247,279.96844
1961,0.0529286608033,162.71,10,0.148387873552,0.474727144407,2,-14.824,137.28762
1973,0.0440140437228,133.434,5,0.0790539931043,0.398636105188,1,-12.247,446.62966
1973,0.0650596002697,89.984,1,0.0930290850877,0.540589895469,3,-10.208,236.86667
1973,0.152326732576,89.91,8,0.37988931797,0.197212347711,2,-2.49,321.802
1973,0.0699153691271,99.046,6,0.294517396364,0.539945795106,5,-10.528,433.94567
1973,0.027538533924,80.639,5,0.312625832267,0.264229970368,4,-10.231,205.86667
1973,0.0249063645336,89.283,0,0.275201964955,0.485084989379,7,-15.963,271.62077
1973,0.0607597239862,125.859,11,0.903042606881,0.388043855897,6,-12.547,533.49333
1952,0.0311232497958,88.233,10,0.190461708663,0.540169664939,10,-11.936,161.4
1951,0.075573186613,132.161,3,0.566592738282,0.6011337681,1,-7.468,149.49791
2010,0.038696852836,125.913,11,0.0684983216341,0.778948992058,5,-4.551,235.52
1951,0.0633341748136,78.224,1,0.117622526308,0.313300082713,3,-15.485,176.10667
1951,0.121550357428,78.386,11,0.088351173423,0.510633558194,2,-8.038,170.17333
1951,0.0429847391831,72.181,8,0.166940114063,0.186876367675,5,-16.303,190.0
2010,0.035268158522,108.089,8,0.17216059956,0.742814731025,1,-16.928,218.74893
1951,0.0323903117961,81.306,3,0.11290923076,0.290138367513,7,-15.622,186.76
2010,0.029102841896,128.076,5,0.0958920077412,0.746610165348,3,-6.099,239.6
1951,0.0346490764873,74.345,7,0.393975612147,0.65863299335,9,-11.682,175.89333
1951,0.0470701684187,70.495,10,0.545243814244,0.60540200729,8,-13.38,178.52
2010,0.0803452070628,125.223,10,0.224752686499,0.644705138595,8,-5.942,216.20354
1978,0.0729749174907,120.389,7,0.186366057276,0.836641755307,8,-6.773,256.97333
1978,0.036137898232,124.113,6,0.0679053421329,0.710241506306,9,-3.55,194.02594
1978,0.0628838104455,91.17,5,0.842585004641,0.342491663733,2,-6.952,383.85741
1978,0.0350860701015,148.674,5,0.0628215948888,0.62737897504,3,-10.466,335.37333
1978,0.0404653956386,119.445,11,0.0697812625061,0.71812637294,1,-8.774,262.4068
1978,0.0407603003972,163.079,11,0.106028153039,0.588874090211,6,-4.288,149.46667
1978,0.031690099202,110.04,7,0.042009078504,0.868656107408,7,-9.338,214.58395
1978,0.0902886179366,231.862,2,0.971888575586,0.316074004102,4,-5.258,416.17088
1978,0.0422516984422,122.379,4,0.321067936012,0.793480579939,5,-8.575,451.8
2003,0.167486675105,94.099,5,0.133724210074,0.844364617999,10,-3.983,272.57868
2001,0.307069367378,87.078,2,0.0962790251151,0.823430519155,10,-5.047,240.79048
1964,0.0456750271885,132.222,4,0.224606666228,0.539873704253,10,-7.897,143.16517
2004,0.146386992376,101.012,7,0.076106027151,0.839926089177,10,-6.632,212.33741
1999,0.0345416504237,90.565,5,0.143348349357,0.640906581798,9,-5.735,232.96
1999,0.292726444187,94.449,5,0.0727969125177,0.794395806336,8,-6.231,214.24435
1999,0.377972437694,144.792,0,0.0857283842626,0.791350869461,5,-17.86,293.19791
1999,0.0753030303845,92.932,11,0.0493416477535,0.711690287515,4,-5.63,181.19946
1999,0.0292405700112,76.388,4,0.0833923215627,0.587460985542,7,-7.615,239.44
1999,0.153793550824,155.963,0,0.668448366518,0.395951689798,6,-5.216,215.62884
1999,0.0897177000229,85.539,9,0.0598289870795,0.877130930604,1,-7.243,269.38884
1999,0.0268366658553,89.259,2,0.111621096304,0.593446445303,3,-5.51,215.90159
1997,0.0377398115343,189.214,7,0.088352816285,0.276061957378,7,-8.502,153.46893
1997,0.269574394157,93.932,4,0.366095388987,0.89620368925,6,-4.774,230.0
1997,0.0274348175032,74.924,7,0.151026945212,0.440120887281,5,-9.174,261.62667
1997,0.0440964687163,136.682,2,0.981273322734,0.276445660024,4,-8.655,364.89968
1994,0.0405925448626,121.126,5,0.0902524706013,0.552695283415,8,-5.664,159.2566
1994,0.143290215477,175.329,3,0.348516267282,0.191350764296,9,-4.212,179.33016
1997,0.0323741230382,85.505,9,0.486131022809,0.467313427204,1,-5.691,357.49442
1994,0.260850677622,95.286,4,0.356703104765,0.881949779563,4,-8.877,221.93333
1994,0.036358839978,81.638,7,0.978682041977,0.430064732003,5,-8.852,295.25007
1994,0.0585682021247,93.898,1,0.923994037335,0.612222401816,6,-7.019,338.48272
1994,0.249123368411,96.117,11,0.126191235419,0.877633992811,7,-5.164,301.46667
1994,0.0517357584076,85.896,10,0.0656661044911,0.84166931418,1,-7.635,279.50667
1994,0.0377598462278,105.723,11,0.061782802804,0.362686937046,2,-8.976,318.10721
1994,0.0685269536311,83.923,6,0.104515997154,0.509936589476,3,-4.714,177.58621
1971,0.096422938753,108.889,7,0.235420316646,0.80996400778,10,-14.432,185.61415
1990,0.15714177653,135.232,7,0.140367115508,0.600527354773,1,-5.703,213.34594
1990,0.0291832238163,112.968,0,0.121034165576,0.623940986252,2,-10.788,272.18431
1990,0.0393484660519,116.01,3,0.42908248759,0.732421222848,3,-8.062,317.08
1990,0.0545951699623,121.542,1,0.143617206908,0.748593751122,4,-5.288,231.64227
1968,0.0347266748274,123.651,11,0.313377603075,0.477350854839,10,-8.494,202.76635
1990,0.052362547399,115.179,1,0.687941428655,0.264926759574,6,-5.783,296.88118
1990,0.0292062373298,104.593,5,0.56874077775,0.432738186591,7,-10.453,216.09333
1990,0.135481451076,102.389,10,0.281706924094,0.792171695278,8,-5.777,288.7717
1990,0.0682262708209,114.621,10,0.0335085829851,0.801429030214,9,-9.669,242.34667
1954,0.142762644535,103.074,1,0.942114783094,0.685468154559,1,-8.099,128.10667
1954,0.0277847120952,87.541,2,0.14140842931,0.349625304049,3,-9.434,185.44
1954,0.69011217298,85.574,9,0.0650318843816,0.607350701957,4,-9.871,137.78667
1956,0.0345585896401,72.849,10,0.371418571322,0.313541592872,8,-12.447,139.77333
1954,0.0637728144154,74.847,2,0.142467047921,0.429691234303,7,-12.079,166.16
1956,0.156987315429,91.966,8,0.367599591761,0.720418326163,6,-7.855,144.09143
1956,0.0274033165209,107.152,5,0.0959854534936,0.552334646313,7,-11.232,186.58068
1956,0.111468146613,86.807,2,0.387890358026,0.574271620655,4,-10.634,123.28599
1956,0.0462136004938,78.875,4,0.499225572373,0.497305315718,5,-10.713,131.73333
1956,0.0559399724052,92.094,5,0.295460213279,0.492748876839,2,-5.751,132.78667
1956,0.0568852664528,85.768,0,0.359114245252,0.399777350836,1,-7.61,139.10667
1959,0.0666310461514,128.588,9,0.164140175851,0.622218633133,9,-6.379,112.02612
1959,0.0311296548611,128.389,0,0.473389407186,0.689006773403,8,-5.882,157.32354
1959,0.0822088051589,96.117,11,0.088388373461,0.832703180612,1,-8.726,331.04
1959,0.0576011223967,84.099,3,0.376104008399,0.492056740662,3,-12.332,182.04444
1959,0.0266752590984,89.285,5,0.185736360031,0.523404439246,2,-11.077,199.50667
1959,0.0868868990779,137.173,10,0.345849679087,0.388031352097,5,-9.629,144.37333
1959,0.0343954949975,60.02,4,0.642999273521,0.302033886533,4,-8.479,131.7873
1959,0.241887627048,136.104,1,0.717810058859,0.479766293371,7,-12.519,198.81333
1959,0.03044368711,118.131,1,0.116462268959,0.64619987556,6,-8.411,142.94667
1993,0.0731148699864,97.643,7,0.089218353739,0.682882430168,9,-4.592,266.14667
1993,0.265316887923,90.081,10,0.342623012549,0.737250791401,8,-12.376,252.04354
1993,0.281735834417,74.081,0,0.96096317368,0.405307061362,3,-13.466,265.0
1993,0.0332612608563,120.115,4,0.298857113863,0.815739789914,2,-11.067,273.43782
1993,0.0732066396002,85.475,2,0.492970941853,0.610973808002,1,-21.334,30.04798
1993,0.0335027100001,100.654,0,0.156105753636,0.702253013106,7,-6.474,233.12
1993,0.049569789412,100.069,1,0.0913387453608,0.501425470327,6,-10.459,281.43129
1993,0.026977497942,83.294,8,0.160850555559,0.33875192844,5,-23.348,29.92798
1977,0.0527031357298,137.941,9,0.119004983316,0.514369935456,9,-20.273,30.0
1977,0.0867420694661,85.282,2,0.0978723450678,0.409287567589,8,-7.741,332.53333
1971,0.0236651462549,90.862,0,0.0289317061651,0.591023630846,9,-10.159,229.13333
1971,0.0691010827513,138.647,0,0.991163101076,0.340086918491,8,-3.664,325.58975
1977,0.245296746617,145.638,1,0.211173738836,0.255299145947,5,-5.271,222.27546
1971,0.0457318444831,129.78,4,0.355911966379,0.443154186307,6,-6.574,394.12354
1971,0.0324848947256,128.984,2,0.0752492811451,0.696789481636,5,-8.415,298.00444
1971,0.0865839414293,106.294,7,0.259332807127,0.498945644422,4,-9.993,229.4156
1977,0.0384846241859,103.701,0,0.296083652823,0.67279422337,1,-6.349,285.19977
1971,0.0254815277915,151.86,0,0.103692778079,0.517688076918,2,-9.771,184.16281
1977,0.0554545243253,114.997,7,0.972463998783,0.559957690098,3,-5.151,418.41333
1977,0.0576379023351,99.876,7,0.154791153505,0.234333815073,2,-5.148,287.33052
1979,0.100539260673,115.795,9,0.1341563199,0.430653509179,7,-19.644,128.41751
1979,0.0592953774599,129.969,7,0.0686044406893,0.797025554998,6,-4.89,280.85519
1974,0.0787624176277,119.89,8,0.375346068618,0.585526280795,4,-4.916,194.56
1979,0.0542366662899,117.054,10,0.0423490349495,0.874536100814,4,-19.405,327.75791
1979,0.152289402145,111.125,2,0.177624790975,0.91462469756,3,-9.763,303.37415
1979,0.0634902188787,142.152,4,0.985053176568,0.358595623985,2,-7.362,209.24
2007,0.0462122315196,82.946,6,0.0730723684218,0.541939406683,10,-6.469,248.89061
1979,0.0281563046129,98.311,11,0.281548687517,0.738124972918,9,-8.118,185.27456
1979,0.02950474774,120.467,0,0.0477577253358,0.768902364748,8,-13.14,231.38068
1953,0.0941442205867,122.783,1,0.113921422083,0.821636830799,7,-13.781,174.98558
1953,0.0715657387475,83.089,0,0.177518005655,0.514670893056,6,-10.013,160.74667
1953,0.0372175030996,106.993,3,0.319270261534,0.375327322766,5,-11.565,172.65333
1953,0.0564922926433,81.718,3,0.150186732981,0.680258835199,4,-14.366,133.52599
1953,0.0274285826579,90.033,1,0.226866391417,0.323375902491,3,-7.486,185.78286
1953,0.0283472779828,128.901,0,0.32361642091,0.683580482808,2,-16.147,162.15619
1950,0.0427438792371,94.262,5,0.129313297835,0.269176632197,4,-13.412,160.0
1950,0.0302905000379,91.381,5,0.118828206774,0.357823046047,5,-16.352,145.74667
1950,0.143380751254,80.763,4,0.889641740462,0.450382735202,6,-8.033,216.36027
1950,0.07445686318,110.648,10,0.658219607729,0.505673523476,7,-10.085,205.49333
1950,0.0441525147279,73.038,5,0.384825649224,0.485163593433,1,-13.889,159.29429
1950,0.037247026702,125.939,0,0.930390366174,0.491591356207,2,-13.178,331.2
1950,0.0453955154621,71.564,10,0.287577170158,0.61009634934,3,-5.877,171.57224
1951,0.0457658735587,119.427,9,0.277873290603,0.593176935663,10,-10.043,126.56
1990,0.179409297983,207.332,0,0.338729375075,0.51577639032,10,-6.076,203.59646
1970,0.0376937556645,71.952,2,0.791112339943,0.23795440028,2,-17.445,377.26667
1970,0.0337808430092,138.217,0,0.100088660793,0.475927824631,3,-18.873,229.19791
1972,0.0440455857348,71.015,0,0.932948848005,0.509055045235,4,-11.98,355.72354
1972,0.0273217116554,85.282,4,0.0933092587784,0.687040053177,5,-10.334,187.27138
1972,0.102007419355,95.072,5,0.708681941702,0.566860286147,6,-18.196,292.17333
1972,0.0497723895967,131.865,6,0.0942529131455,0.477184368227,7,-12.127,177.38558
1970,0.0674162861804,137.489,2,0.675177516594,0.458310702873,6,-11.789,101.93333
1970,0.0349532782276,128.694,7,0.971976292567,0.403592118548,7,-5.458,141.90667
1970,0.0349097174366,131.179,3,0.0928467641922,0.427386600522,4,-6.451,260.82068
1970,0.144224774377,107.729,1,0.279495292061,0.832623511123,5,-12.258,308.23293
1970,0.0385409132774,126.488,5,0.722328123364,0.390905052029,8,-14.8,273.64
1970,0.0966810418813,162.756,4,0.159347369621,0.419284696571,9,-9.292,167.4068
1972,0.0503702185144,118.951,11,0.441430915439,0.465520955049,8,-8.206,263.31964
1972,0.105367795121,112.954,5,0.935366554006,0.57295691166,9,-10.347,313.66667
1972,0.0951059269132,100.912,11,0.961240791644,0.559482635532,1,-6.719,265.15701
1998,0.0443726749876,93.031,1,0.080618315713,0.710907576981,8,-8.731,241.22667
1998,0.0426466872045,103.598,7,0.327469948106,0.357878884151,9,-7.539,266.59374
1972,0.0910927818396,121.427,8,0.0411472676766,0.830884290564,2,-14.067,417.76435
1998,0.0591500451817,99.921,11,0.221483110637,0.803688857885,1,-9.528,241.4
1998,0.02911523358,154.63,11,0.159047716159,0.307608813542,2,-18.533,216.73751
1972,0.0623293325701,119.129,2,0.936596416604,0.380999643667,3,-5.405,410.0
1998,0.331549602989,84.264,5,0.10479714329,0.832889844296,4,-6.158,91.33823
1998,0.0404136171106,127.435,0,0.942114801222,0.49596569082,5,-7.353,372.21832
1998,0.0302767146916,92.964,0,0.473375877665,0.759515971474,6,-4.345,211.13333
1998,0.0355498751627,120.846,2,0.641432035683,0.391465038257,7,-14.511,258.19383
1961,0.0547978897237,115.999,9,0.104970674524,0.655294837725,1,-14.563,226.21995
1967,0.173037936977,97.788,10,0.0729018653487,0.37401258372,9,-16.695,242.38975
1951,0.0306411839548,71.337,7,0.302456566884,0.489528171262,4,-19.235,180.09333
1951,0.0458469821666,114.984,2,0.250410334469,0.608209765506,6,-20.427,161.92476
1959,0.048981452339,119.144,6,0.109864163762,0.53383158236,10,-15.27,148.43937
1958,0.0276962061113,80.735,1,0.111180741974,0.410233050852,4,-9.548,164.09333
1958,0.0319753297856,78.212,10,0.69288942969,0.5860581226,5,-12.703,237.32
1958,0.0480985941989,125.356,8,0.0839241928884,0.623444009627,6,-13.568,116.18667
1958,0.0466186950874,75.63,7,0.397737868906,0.569944732812,7,-9.462,125.82667
1958,0.0683487951778,82.499,10,0.575310133955,0.584423189337,1,-8.519,291.96
1958,0.0512319846879,158.038,4,0.204172090638,0.746646618614,2,-6.249,120.81333
1958,0.0553474696668,77.088,1,0.251639933595,0.372114061393,3,-9.565,128.89333
1958,0.0314153140573,108.569,6,0.249100772146,0.321625161266,8,-9.317,157.36118
1958,0.042712025376,85.802,9,0.577413566141,0.285106600945,9,-13.526,198.02231
2010,0.337880027687,170.8,0,0.100057344182,0.330119555122,4,-6.369,231.18322
1998,0.0502979239383,133.015,6,0.0526513954885,0.650529380474,10,-7.197,239.02667
1976,0.0493771447971,101.117,2,0.815375908648,0.375473555824,8,-11.574,121.42667
1976,0.0533479892798,80.355,8,0.305253970605,0.447627267809,9,-8.187,267.16
1975,0.06102675846,148.856,4,0.760895273087,0.185631849197,1,-5.895,288.0
1998,0.363041948638,106.13,5,0.0812699372595,0.61309052938,3,-7.251,209.83102
1975,0.0364120689251,119.432,4,0.869646342265,0.334045400815,7,-15.093,328.42667
1975,0.037265071556,122.701,7,0.861412361694,0.609602641352,6,-12.231,324.77995
1975,0.0331518007558,85.078,6,0.351701143502,0.403088501472,5,-10.143,410.02667
1975,0.0413270150619,80.681,2,0.165261225812,0.480084020896,4,-11.695,508.59211
1976,0.0328323415716,137.946,11,0.0855354905319,0.649661104562,1,-18.962,243.49333
1975,0.0484782086975,140.118,0,0.0501904757786,0.819163502216,9,-8.328,189.38667
1975,0.0285197869115,110.033,2,0.0916903572206,0.653810940764,8,-9.884,291.86667
1976,0.0808380782005,134.006,11,0.964814012328,0.171784241042,4,-6.48,219.6
1976,0.0809035950076,108.624,6,0.792696888226,0.459935956199,5,-6.669,222.94313
1976,0.0824792654724,142.254,7,0.203199788011,0.40136622538,6,-6.195,227.96871
1976,0.0430239601932,118.505,1,0.102947532026,0.721110477592,7,-7.148,325.96172
1994,0.0333421729336,92.95,1,0.0501508819012,0.807015805763,10,-6.887,235.69333
1957,0.0457727092115,135.275,1,0.050772530913,0.563426191901,9,-11.787,148.66667
1957,0.0284965876621,150.619,9,0.251831990149,0.606139849117,8,-12.462,146.6917
1957,0.0444158045131,120.915,9,0.336387399176,0.676853892918,3,-15.635,143.4
1957,0.0337637851324,80.943,0,0.122397775377,0.453314472006,2,-9.489,177.93415
1957,0.181209964143,164.871,10,0.0630214063777,0.587593896235,1,-6.26,149.19211
1957,0.09132084058,83.271,3,0.0747660611127,0.791311211418,7,-6.519,160.90667
1957,0.0569739353016,66.04,7,0.21848273077,0.671390831756,6,-6.071,158.73161
1957,0.125776702458,80.055,10,0.472758146492,0.652869465825,5,-13.702,43.70286
1957,0.0527080625538,86.768,9,0.0905701797899,0.573848227526,4,-5.269,139.0
1988,0.027967441365,123.873,10,0.0799202292104,0.518329967786,9,-8.013,293.85311
1963,0.0452541072177,69.39,4,0.0522335731291,0.538547450306,10,-8.001,125.43374
1980,0.164459758012,81.414,2,0.353458507756,0.543069804598,10,-23.716,330.64757
1988,0.117234274469,138.597,11,0.0335336632186,0.654367551625,10,-23.258,294.46639
1988,0.116548061421,111.427,1,0.230485101744,0.796724023166,7,-6.727,297.82159
1988,0.237568758792,87.835,6,0.107904099042,0.815022973116,6,-18.565,306.23302
1988,0.149913050124,113.013,0,0.0634357706923,0.781865141193,5,-7.561,234.20617
1988,0.0640756750147,95.852,2,0.0625272642555,0.761850252351,4,-8.811,250.08435
1979,0.240037260604,77.556,1,0.993359747095,0.381125423707,10,-4.363,300.10667
1988,0.0436089117104,99.244,11,0.170847644004,0.661912897031,2,-15.695,30.0
1988,0.0515081346157,103.547,4,0.102601677948,0.689376523863,1,-17.822,265.89995
1993,0.0334598430219,129.101,4,0.359672457813,0.610350265578,10,-5.777,211.11583
2004,0.0278128473342,128.005,11,0.188353977497,0.69973002751,8,-6.879,185.0
2010,0.0624022398714,108.969,1,0.467806911977,0.580570140451,10,-6.56,211.04
1972,0.0311583032808,111.218,11,0.478212178227,0.62802377229,10,-6.673,222.49333
1980,0.107536164605,116.294,0,0.971381284219,0.664424743508,3,-5.722,267.76
1975,0.0879338034444,134.125,4,0.192871243157,0.264528226261,10,-10.329,361.83619
1980,0.0357607920744,122.086,1,0.0800545419395,0.705296226822,2,-11.526,168.89578
1965,0.0666860036502,123.392,9,0.299591644129,0.51603442309,9,-10.709,190.12454
2009,0.0395591039579,144.084,7,0.187375944372,0.605692345289,7,-5.768,193.12
2009,0.0663178119362,119.996,7,0.899132563888,0.532143749318,4,-6.44,340.78667
2009,0.0314065117903,80.318,2,0.142435599161,0.523989096535,5,-18.073,264.51546
2009,0.172082163435,86.674,9,0.141780876894,0.776956073185,2,-7.526,252.04354
1961,0.0643523897502,116.728,2,0.137474555826,0.549224010054,3,-4.669,163.26503
2009,0.130914604321,86.62,0,0.343599826694,0.658527603128,1,-6.601,279.15864
2009,0.0634133819448,124.964,7,0.241057070555,0.698816582619,8,-4.414,202.94667
2009,0.0377928110157,117.956,5,0.09624581036,0.498116443673,9,-3.691,268.61333
2006,0.0422030986074,96.172,7,0.274630341548,0.554116801858,10,-2.717,282.16
2001,0.109453996064,123.477,6,0.30054235026,0.794420596831,8,-9.59,224.29333
2001,0.215691915409,107.364,8,0.323379369125,0.703194055315,9,-2.707,241.43782
2001,0.0485265916111,92.897,9,0.0837498900473,0.912899580543,6,-4.068,265.94068
2001,0.0273680343848,86.0,10,0.106886920181,0.550328888434,7,-5.344,223.81333
2001,0.119760205397,95.712,7,0.907205353848,0.31603684917,4,-2.059,110.09333
2001,0.0404725130375,126.009,2,0.0866149506655,0.82640689583,5,-11.491,236.91864
2001,0.20207093364,88.925,0,0.132724458166,0.852021344818,2,-7.157,237.06667
2001,0.0323988467991,95.979,11,0.145987497126,0.638192509386,3,-10.242,211.00517
2001,0.0294627689682,104.05,0,0.0723581031548,0.611233017022,1,-6.339,193.37333
1980,0.128900436457,113.177,6,0.288354049684,0.922877561747,9,-7.275,239.92272
1980,0.0471745836267,192.915,9,0.91377781284,0.262076862849,8,-13.657,250.72281
1996,0.0296481609649,120.993,7,0.111552254327,0.649627055083,4,-10.555,302.69488
1973,0.0936804431471,142.723,0,0.948643714203,0.436939047237,10,-6.62,258.21995
1991,0.0861997662712,97.739,7,0.20494201405,0.773317013498,10,-4.532,250.17333
2006,0.0429034402876,114.244,0,0.104240540453,0.850300825388,1,-18.425,171.31057
1965,0.0342428746153,91.201,7,0.965172639912,0.278644135916,8,-12.443,273.33333
2006,0.0721848885282,117.003,4,0.0648025120192,0.949926960913,3,-5.631,228.38667
2006,0.30019208806,91.899,5,0.104477875193,0.558420685744,2,-11.738,222.24934
2006,0.025030279536,147.003,3,0.14345124336,0.56859655184,4,-4.72,274.32599
2006,0.421914992756,84.698,6,0.629153127756,0.38860845675,7,-18.579,233.79546
2006,0.234021969612,120.046,10,0.453722953142,0.757418155174,6,-5.724,276.16
2006,0.0331300800457,133.949,5,0.0581150293519,0.793738011333,9,-7.986,377.4
2006,0.0311998207236,121.571,1,0.129994679872,0.552828112711,8,-4.232,243.29311
1982,0.0422829492463,105.013,6,0.0560680405845,0.868272730687,1,-8.612,273.35946
1982,0.126700171401,91.577,0,0.177635433667,0.626182871531,2,-16.191,295.49333
1982,0.0292805304575,125.155,1,0.103813708655,0.686872337792,5,-7.204,218.2
1982,0.6011593732,138.746,8,0.277738036478,0.759671411767,4,-13.622,123.41333
1982,0.0657363631274,118.52,10,0.0838569646452,0.865659863161,7,-8.558,379.26667
1982,0.0695436176252,129.817,7,0.288906388252,0.745449577639,6,-8.047,244.04
1982,0.0846474541043,129.458,0,0.192839448772,0.654098554277,9,-5.152,203.6
1982,0.102356789249,139.108,2,0.895091928203,0.383453352751,8,-3.649,201.8
1976,0.076579016029,108.992,4,0.0696834414539,0.786956018139,10,-8.478,242.14159
2002,0.0568467314907,111.107,2,0.0789294542531,0.744455001694,5,-3.924,237.8068
2002,0.0405080637059,130.039,10,0.160983064358,0.736792869651,4,-5.384,217.75628
2002,0.287106618368,112.268,7,0.301400495218,0.861738603404,7,-6.28,261.52599
2005,0.0457972024525,123.074,0,0.616164109396,0.398478328039,9,-3.441,215.0
2002,0.201086297283,85.7,2,0.082686007488,0.776651195769,1,-14.581,265.74322
2002,0.0598063017677,116.16,1,0.105341612962,0.752842665812,3,-7.691,475.02667
2002,0.0280330168102,130.981,5,0.133659866755,0.612009556,2,-7.724,249.17007
2005,0.387961603153,92.251,1,0.0793155253855,0.635028815293,2,-4.543,207.35955
2005,0.0429399853131,103.127,6,0.331134088546,0.529996406164,3,-4.64,175.76599
2005,0.0556857855633,138.552,3,0.613030278885,0.757162462665,1,-6.377,207.01995
2002,0.354932464949,89.37,1,0.310039712926,0.461956476779,9,-5.557,203.0
2002,0.0327749231261,85.24,7,0.0823836621302,0.649191181935,8,-9.833,253.87211
2005,0.315806412195,98.997,1,0.347946246407,0.551524476115,4,-3.549,258.52
2005,0.0819494461648,140.009,0,0.0963457858412,0.824815360638,5,-8.105,201.27011
1986,0.052244189668,103.642,6,0.132481605487,0.834691557276,5,-12.166,243.21415
1986,0.0433814193937,122.782,3,0.463439879078,0.465344529492,4,-13.483,297.1424
1981,0.0313212000923,121.913,5,0.225366550167,0.675070498215,8,-13.435,220.8
1986,0.0557982298551,129.759,7,0.0832974537265,0.868236356067,6,-7.812,255.30667
1986,0.044983014901,105.468,6,0.0827649124457,0.777497579765,1,-10.721,220.54268
1986,0.0991312027281,111.526,10,0.267057217103,0.855806011973,3,-12.046,235.87374
1986,0.0377029649607,133.687,8,0.0708346982522,0.68316866,2,-6.544,208.78476
1981,0.036908714451,117.922,9,0.677526283475,0.664190615884,2,-8.781,239.06667
1981,0.0407755766911,144.465,0,0.328958854231,0.507797230031,3,-8.737,153.97986
1981,0.0386623694811,124.789,4,0.823503411195,0.507149810606,6,-5.175,250.02667
1986,0.0380868520975,96.333,8,0.0338025095847,0.642849981546,8,-8.009,312.72599
1981,0.0444442685725,131.02,0,0.0234076106968,0.849383783125,4,-7.244,198.54476
1981,0.0483194583269,118.453,4,0.596100321537,0.707318667173,5,-21.228,29.95202
1965,0.0550619362563,111.524,8,0.113646648081,0.827109141919,3,-14.653,69.47374
1992,0.0308736984983,74.529,9,0.320463342351,0.452566058494,10,-10.053,217.19619
1985,0.0511491102963,116.728,2,0.847044632575,0.513132711088,8,-15.735,289.04
1985,0.0235713675229,111.338,2,0.288167181391,0.654989980254,9,-5.559,245.86404
1985,0.0536139510291,104.618,11,0.0892315631039,0.697727553052,6,-13.561,204.78667
1985,0.027628280958,118.468,5,0.0806094617982,0.780323671455,7,-9.687,232.52463
1985,0.0614028502386,124.151,6,0.951894232343,0.729563050346,4,-8.074,360.90667
1985,0.18230728236,118.982,8,0.640520360047,0.781654490488,5,-15.713,239.41333
1985,0.0363059111288,116.625,8,0.069560410339,0.676708073536,2,-10.112,249.72
1985,0.0336624030008,111.583,7,0.061335155115,0.688998094558,3,-6.958,342.47946
1985,0.059604997245,139.833,2,0.771025205733,0.326086171442,1,-14.607,417.90649
1996,0.107382237823,175.115,6,0.360440121518,0.164514870045,10,-10.068,246.56934
1960,0.0304714570504,130.439,7,0.91468608536,0.544471844823,8,-6.541,171.11619
1960,0.0262750028059,137.218,0,0.386654675093,0.526615507249,1,-6.135,165.44
1960,0.0335431548875,132.493,5,0.245748198261,0.5711648762,3,-11.197,137.17333
1960,0.0453521161575,106.147,4,0.0746988805433,0.362148156371,2,-22.385,292.26667
1960,0.0427729023148,81.165,6,0.207557375353,0.210716489276,5,-12.047,168.07138
1960,0.0593631377306,131.171,8,0.272853352233,0.598655365184,4,-10.318,145.8
1960,0.027895148481,143.351,4,0.0866966947031,0.547789926507,7,-10.069,159.70068
1960,0.0520827641814,137.039,10,0.510931908855,0.496554341824,6,-4.564,191.37333
1968,0.0342757379861,118.403,4,0.0995892701462,0.722221324758,1,-7.763,189.53252
2000,0.0450591160236,105.188,3,0.105809840704,0.551456109791,9,-6.835,216.93333
1968,0.0253053920593,74.689,5,0.0894431544279,0.457200992113,2,-10.643,299.78803
1968,0.0793988653202,130.555,9,0.0754367853031,0.70630279006,5,-17.343,174.22612
1968,0.0280496706446,103.598,2,0.176970957538,0.73528869426,4,-13.649,160.63519
1968,0.0594366051493,145.993,9,0.167249644378,0.469131199426,7,-8.717,209.13333
1968,0.0274816810154,138.049,11,0.218608172967,0.574015844233,6,-7.103,198.27329
2000,0.041325769264,136.11,2,0.981124921664,0.43857109151,3,-6.14,305.162
2000,0.0299132487903,89.171,11,0.098955303847,0.615924763515,2,-9.341,253.6224
2000,0.151018528582,137.558,3,0.158008910693,0.603853142732,1,-8.322,276.27102
2000,0.329628165043,97.126,6,0.0938408915335,0.594975175684,7,-6.067,284.0
2000,0.345455413978,89.124,11,0.730647314295,0.543476989423,6,-5.399,332.08272
2000,0.465258977985,126.025,7,0.302449025673,0.431046950872,5,-5.19,273.72
2000,0.255551743811,94.812,9,0.279060554369,0.760587957379,4,-10.351,29.97601
1962,0.0629655251084,147.937,5,0.1361116858,0.666083766308,10,-9.317,180.86667
1995,0.0484210714937,144.776,4,0.662716690093,0.610382324077,10,-13.217,236.2585
2008,0.0457488690362,121.576,6,0.627293192993,0.79569237473,3,-14.304,222.52517
2008,0.05407366709,137.875,8,0.706028855989,0.481658193141,2,-19.599,257.61914
2008,0.0382320203175,131.993,7,0.0646137360278,0.682836231551,7,-4.273,220.22639
2008,0.0602839011212,77.817,11,0.391795916243,0.684995354167,6,-19.81,192.49587
2008,0.145497582657,135.363,7,0.66181707003,0.442994215775,5,-8.415,250.77506
2008,0.0554770925778,127.981,6,0.0699662237521,0.822133769786,4,-3.965,241.97179
1997,0.0531455267004,81.85,7,0.123519381011,0.239526267663,3,-9.028,383.49333
2008,0.0600567369854,70.39,0,0.136926462838,0.17071525889,9,-6.248,231.27029
2008,0.0511338967889,76.729,1,0.136525682233,0.530922300141,8,-6.165,203.34667
1997,0.106654219617,129.683,8,0.0793520947319,0.675611703262,2,-7.27,120.23293
2004,0.0286961204825,100.954,6,0.0986297846379,0.650319493445,6,-5.218,208.46667
2004,0.0297044148119,128.0,5,0.207025684043,0.275313385035,5,-6.109,288.3454
2004,0.0311086782449,130.992,7,0.374603133733,0.581907124654,4,-3.021,227.61333
2004,0.0332002603528,166.776,5,0.0791821783767,0.544992546966,3,-5.987,261.43302
2007,0.0939739226381,89.32,8,0.352985612177,0.80944547099,9,-3.639,219.10313
2004,0.0316815870879,132.396,11,0.118499129471,0.67435652658,1,-7.803,302.37333
1988,0.299305051435,98.723,8,0.0657017156364,0.861999827028,8,-4.304,345.04853
2007,0.0794650709136,127.797,10,0.274891595454,0.887510336492,4,-7.377,214.30667
2007,0.0325610735654,97.067,1,0.469990669175,0.48503662716,5,-18.76,231.05261
2007,0.0846970675842,104.058,10,0.51350727671,0.610031167197,6,-10.086,246.13986
2007,0.285350684506,113.029,6,0.840292039202,0.612457807991,7,-5.446,242.26667
1988,0.0551807704807,108.808,2,0.0344929949327,0.69605988811,3,-8.832,214.11374
2007,0.12588372634,86.03,2,0.690286250323,0.531543311997,1,-5.862,204.17333
2004,0.0545219418381,71.127,7,0.348754011497,0.318782683809,9,-3.505,184.22966
2007,0.0341037255201,142.622,2,0.125175538602,0.671886085929,3,-4.449,366.64272
1980,0.0501292051425,107.47,11,0.0415044949169,0.694295131955,7,-6.86,214.40109
1980,0.092721362896,162.117,2,0.111822810182,0.173237448423,6,-13.115,201.11483
1980,0.0630257413666,157.981,11,0.0669226019229,0.75984337745,5,-11.504,160.09252
1980,0.0554997763688,127.117,7,0.321715511083,0.537467042004,4,-6.632,210.34812
1983,0.0507103109529,130.456,0,0.222128429097,0.674192337492,8,-17.033,30.0
1983,0.06132343435,115.085,1,0.172558573401,0.621204679773,9,-5.922,459.70866
1980,0.0354989286776,142.569,2,0.0928880980457,0.477548766377,1,-6.086,208.76
1983,0.0386672394649,122.522,10,0.353514404285,0.642609952413,4,-9.374,239.13905
1983,0.0514712946188,108.813,1,0.036655259974,0.738522173975,5,-12.81,259.20109
1983,0.0522913333616,130.515,0,0.14001878211,0.753762294264,6,-8.78,447.07374
1983,0.0382792328056,115.298,9,0.0901508044358,0.679742475243,7,-6.321,235.49678
1983,0.0384203632313,117.373,1,0.0792482932244,0.822447939906,1,-10.616,254.07229
1983,0.0383852729468,119.672,6,0.336539622043,0.686675066725,2,-10.06,244.21333
1983,0.0312773485962,129.928,0,0.0570395419028,0.552836090772,3,-6.124,244.10667
2003,0.0501890729555,79.479,0,0.298500833497,0.74063654273,1,-6.572,228.66395
2003,0.319599786403,122.306,2,0.150587682596,0.460279251371,2,-5.043,224.98068
2003,0.110874602059,74.538,1,0.590265115535,0.206782398931,3,-6.677,451.69007
2003,0.403957972218,87.531,4,0.127648546132,0.74297141993,4,-10.894,126.64
2003,0.950539318989,76.559,1,0.0929860010457,0.650200650615,5,-10.259,177.09379
2003,0.359090817934,91.805,1,0.125619199463,0.496137781824,6,-4.98,235.29905
2003,0.0782924801469,147.944,1,0.115283804217,0.381637119105,7,-5.908,223.12599
2003,0.0342258179709,119.822,2,0.158440293989,0.466599068346,8,-22.441,30.09601
2003,0.110631070826,66.504,5,0.0867396049235,0.805966238987,9,-10.583,222.53333
1965,0.0548425615874,103.57,0,0.901484144009,0.457733435181,2,-12.813,369.2
1987,0.0609560015356,133.764,6,0.986545359363,0.230551050725,1,-4.61,445.24517
1987,0.0348607764621,109.933,7,0.116148908813,0.581254038047,2,-24.394,30.09601
1987,0.052857540056,101.664,10,0.968684878341,0.384888355515,3,-9.644,342.24435
1987,0.0432908168414,84.977,6,0.297868409006,0.54448821415,4,-11.188,267.2468
1987,0.0454687516602,114.113,8,0.0581128198293,0.802806939905,5,-4.75,246.24
1987,0.19876096184,127.095,11,0.990311509809,0.26809667669,6,-5.916,308.75537
1987,0.0842111225911,121.951,1,0.631968638774,0.565509000176,7,-12.886,403.84109
1987,0.0354462650982,73.66,11,0.106972674288,0.311812689121,8,-23.19,30.0
1997,0.0382402423521,96.304,5,0.882049611784,0.540539606733,8,-7.304,227.18358
1987,0.0477932082994,110.217,10,0.386334449059,0.602611617265,10,-11.724,178.6
1984,0.067527910996,99.797,11,0.718954654715,0.473671465398,9,-8.342,411.402
1984,0.0363911592913,88.714,6,0.317150916216,0.59547305001,8,-7.291,288.37986
1984,0.0546115525711,97.885,8,0.0651517862765,0.829285438792,3,-7.777,195.04435
1984,0.0331110124025,121.932,8,0.552612727149,0.586917070036,2,-6.303,253.02159
1984,0.0398535949007,120.61,7,0.531822428245,0.811774494134,1,-8.04,164.10077
1984,0.122742505805,167.864,9,0.969386957035,0.375179433794,7,-5.947,342.5317
1984,0.0315307912506,121.956,9,0.123179907605,0.471907946123,5,-9.764,382.37995
1984,0.0291965796103,107.198,4,0.681269540123,0.317037077488,4,-7.996,220.8
1989,0.213142289266,110.126,6,0.618667784814,0.609212805259,2,-5.608,178.49333
1989,0.0253006714447,84.32,5,0.0600998931834,0.626984160025,3,-11.828,255.75293
1984,0.0394988626932,138.8,2,0.138768715505,0.501203466863,10,-5.285,215.90667
1989,0.115088685625,102.995,6,0.143507842219,0.822475284079,6,-15.068,228.85832
1989,0.0476586025069,130.014,1,0.0771071836408,0.690780593853,7,-13.457,296.0
1989,0.083862941561,117.542,11,0.26518062993,0.951655487706,8,-6.586,265.45587
1989,0.107529575646,114.511,9,0.0642997006564,0.897915301264,9,-6.355,222.45333
1975,0.0649400621051,116.771,5,0.958310434145,0.344595326043,3,-10.181,225.2
1974,0.208827046546,146.763,1,0.305384421156,0.710890481845,10,-9.643,210.16925
1964,0.0515969596444,133.494,9,0.0748075691364,0.599979857098,8,-16.952,213.4
1962,0.0237586147476,88.848,5,0.127184979022,0.572756026127,9,-10.942,147.35628
1975,0.0799715624059,143.985,3,0.142005036382,0.455077168683,2,-9.273,284.61823
1964,0.0286504529393,134.47,0,0.0781358255889,0.617607852505,5,-5.403,153.77088
1962,0.0295999966398,76.06,5,0.200051056292,0.217154149247,6,-10.2,252.96934
1962,0.0421436760314,118.397,0,0.124714765673,0.64720035448,5,-9.041,151.68109
1962,0.0671652938796,126.987,3,0.0896416105016,0.613003325694,4,-5.797,147.12163
1962,0.0315283231365,118.19,0,0.219948404912,0.634700538251,3,-11.678,179.07229
1962,0.044927020478,86.005,0,0.871673487907,0.262825292094,2,-5.55,326.26667
1962,0.0399858675318,67.641,0,0.0911675516886,0.78986877393,1,-13.944,173.8
1964,0.0285527507925,104.992,0,0.234020062767,0.760094944809,2,-12.846,174.52
1967,0.0274261736806,74.263,0,0.707166720755,0.457383340766,6,-8.439,434.43048
1967,0.0302331420198,130.814,1,0.198479134579,0.462910667435,7,-11.649,175.8
1967,0.0960212895076,115.249,11,0.3792039664,0.444996962193,4,-11.798,334.77333
1967,0.055560984381,80.087,4,0.673923400692,0.377080478634,5,-13.534,337.47546
1967,0.0385438435702,126.916,4,0.966226948755,0.494854775019,2,-9.554,690.73333
1967,0.0427010323563,107.518,2,0.913468354233,0.58986484829,3,-17.947,272.87465
1967,0.252895037439,117.259,5,0.590393459742,0.760783507502,1,-19.722,152.30803
1969,0.0776570086504,119.624,7,0.0529981776315,0.582629685299,4,-9.631,183.34431
1969,0.0401321734908,94.247,2,0.669316574385,0.632069571826,5,-5.209,137.26667
1969,0.0433413466742,76.415,1,0.226681109576,0.532886280181,6,-13.805,444.1219
1969,0.0414427087446,83.78,2,0.0974340026941,0.257230878518,7,-9.737,386.6
1969,0.399128651646,89.693,9,0.374756116179,0.378266089788,1,-11.416,332.56
1969,0.0347924817256,119.257,2,0.444964827123,0.648853556647,2,-11.144,133.13415
1969,0.0394245684817,97.539,8,0.242060647257,0.622487430145,3,-13.171,176.41905
1989,0.0365702700288,111.932,5,0.137878198166,0.657607799423,1,-12.683,340.93823
1976,0.0285418950202,135.707,5,0.128894687723,0.606096991499,2,-11.701,215.74485
1990,0.0803074122944,133.376,7,0.116623057161,0.866343949091,5,-8.79,223.07374
1976,0.036484079281,110.832,7,0.0428187241125,0.322774717113,3,-5.896,203.45279
2005,0.659308744205,133.304,6,0.11322163785,0.940637190426,8,-12.767,238.16
1997,0.0584394539244,104.371,6,0.171180995102,0.852595908302,9,-5.396,253.17832
2008,0.20716042201,125.467,11,0.156992469474,0.863946114792,10,-17.482,30.09601
1963,0.0351732049233,150.882,7,0.0783456248142,0.280418945814,2,-15.617,139.67628
1963,0.0347593994966,131.254,0,0.336768489543,0.416474433842,3,-15.092,143.51628
1961,0.402986366993,94.622,6,0.955339007414,0.694721146139,6,-11.973,260.38667
1963,0.0348144343185,124.52,2,0.134977003013,0.601336615219,1,-10.528,160.41025
1963,0.0391605846672,77.227,4,0.851826433398,0.432748649253,6,-14.877,155.36
1963,0.0330141571461,138.029,2,0.0829266368351,0.507948698632,7,-17.174,163.00363
1963,0.0430976300531,129.021,4,0.091488404469,0.439825390696,4,-3.016,158.6673
1963,0.034768584602,80.115,4,0.0827466789412,0.512486025312,5,-7.362,177.21424
1963,0.161055195693,108.848,1,0.0801577773606,0.658699498918,8,-19.504,168.04526
1961,0.0634272234117,82.408,4,0.355208250266,0.562915463207,8,-15.253,141.65333
1961,0.035755566483,72.362,7,0.2106394885,0.671093997305,9,-5.948,138.62313
1978,0.0315940182579,92.001,8,0.968746711615,0.524306036879,10,-5.275,323.94667
2005,0.0549351381136,123.079,11,0.0813737618707,0.531225518596,7,-7.305,288.15964
1964,0.026476038374,138.002,5,0.110847231411,0.670978733598,9,-5.337,150.78993
1954,0.0302923575068,92.341,0,0.195956176435,0.292694094105,6,-9.57,146.85333
1983,0.0361427847749,92.062,10,0.210545817476,0.663217231446,10,-17.863,241.24036
1962,0.094281181116,127.239,9,0.26348160784,0.383073950641,8,-2.983,310.83102
1986,0.0319426484023,121.963,5,0.0385045669111,0.795702837515,7,-3.936,269.60934
1954,0.389735135516,100.264,9,0.436043642856,0.669242214124,8,-21.367,168.9219
1964,0.031121435041,117.415,9,0.390785879584,0.335722552629,4,-8.178,255.10122
1964,0.0446012573484,73.891,10,0.846686621505,0.43538835914,6,-14.831,132.97333
1974,0.0442374711425,127.174,2,0.967617338654,0.491849085811,3,-10.83,224.90231
1964,0.0365399614134,133.792,7,0.209737658741,0.570072814259,3,-8.477,133.86558
1986,0.0295486548004,94.933,8,0.948683388446,0.405693760769,9,-5.604,367.47379
1981,0.0678601177024,194.752,10,0.113717955372,0.603194507047,7,-17.567,313.96526
1969,0.0316593446009,118.655,1,0.11223072124,0.634244643537,8,-8.89,270.93007
1969,0.0345559318275,83.206,9,0.114910202173,0.658056566348,9,-11.985,260.0224
1966,0.0347027141446,120.054,1,0.129634732568,0.733640683195,3,-7.201,182.6985
1966,0.028013852057,95.571,1,0.390275152324,0.388143100977,2,-10.826,181.72
1966,0.0305093242492,75.615,10,0.0915352543166,0.412682636985,1,-8.286,255.14086
1966,0.0497393889063,98.8,4,0.102731188363,0.675833557272,7,-19.218,157.22667
1966,0.0401526920774,189.174,2,0.970799033461,0.308048186817,6,-9.059,1118.11147
1966,0.0627278101144,124.368,0,0.919811723886,0.55837660786,5,-4.764,162.13043
1966,0.0324999657345,137.584,7,0.192386152692,0.44407143892,4,-8.664,243.76
1965,0.0367175524496,145.521,9,0.969864764668,0.433271694854,1,-7.349,340.62667
1966,0.0379970972487,127.893,10,0.0568374063796,0.667405843057,9,-8.639,164.8468
1966,0.0523178013614,160.874,0,0.683728642563,0.374643528196,8,-8.166,134.72762
1965,0.0772308382377,81.225,8,0.811965571932,0.660531290828,4,-9.645,156.52
1965,0.100776279446,102.801,7,0.702635107756,0.293647389159,5,-10.208,946.6917
1965,0.0353113343956,95.801,0,0.0948893847429,0.362983359257,7,-16.656,124.78358
2012,0.0325869793188,79.998,4,0.131600919207,0.683234508193,10,-9.378,163.10667
1962,0.0384533265927,120.909,1,0.0846848069958,0.78808302805,7,-10.864,172.46667
1961,0.143020965059,119.642,9,0.688363600988,0.412889557375,10,-12.001,150.6
1967,0.0359330019783,117.683,1,0.140063962929,0.617289744376,8,-15.334,173.2
1966,0.0415262556207,101.157,2,0.0387980711142,0.62395426035,10,-12.787,157.58667
2000,0.0704851722946,119.758,7,0.168329060808,0.731945496019,10,-6.597,225.85424
2009,0.129732376932,145.599,11,0.986395421292,0.314742610946,10,-3.095,291.26485
