 122.306
 114.844
 85.24
 74.847
 85.505
 86.005
 112.363
 100.904
 109.869
 129.969
 122.406
 74.263
 163.486
 117.136
 138.217
 101.581
 88.714
 95.61
 118.122
 94.734
 74.529
 134.125
 81.414
 78.386
 101.532
 89.019
 76.559
 96.172
 95.852
 127.796
 118.131
 167.869
 103.701
 119.822
 142.152
 135.994
 189.174
 122.665
 114.296
 88.901
 128.685
 76.156
 86.0
 111.524
 78.733
 121.126
 91.805
 91.328
 114.099
 130.976
 116.294
 70.495
 93.031
 154.63
 92.062
 118.994
 113.029
 120.046
 121.951
 103.598
 80.355
 111.314
 97.539
 142.723
 136.682
 71.127
 75.357
 91.577
 111.107
 106.912
 138.552
 77.938
 90.081
 71.952
 0.0
 83.916
 117.373
 124.113
 127.83
 85.282
 77.556
 83.089
 98.943
 137.875
 110.238
 97.546
 111.446
 145.658
 86.674
 144.084
 97.126
 87.184
 163.079
 99.921
 77.111
 119.931
 96.556
 107.743
 162.756
 138.029
 126.017
 126.932
 118.468
 98.642
 127.174
 128.984
 128.001
 92.006
 139.5
 127.893
 129.683
 104.618
 164.871
 71.286
 108.645
 78.875
 95.072
 96.761
 145.599
 123.873
 145.993
 99.523
 128.389
 97.643
 108.969
 97.885
 77.11
 110.126
 124.481
 115.298
 103.127
 84.698
 119.144
 131.212
 150.071
 100.954
 101.097
 139.108
 78.609
 118.951
 124.52
 79.057
 121.571
 124.789
 102.029
 101.299
 112.954
 77.278
 133.247
 122.522
 162.117
 110.832
 94.035
 108.889
 120.665
 143.656
 122.3
 129.618
 129.047
 119.855
 157.057
 95.286
 117.047
 97.739
 117.259
 130.019
 98.8
 147.944
 121.61
 111.84
 115.085
 157.855
 151.86
 130.744
 124.151
 113.013
 104.058
 108.808
 129.951
 135.202
 73.66
 119.758
 121.926
 121.542
 128.0
 92.964
 130.456
 76.388
 79.971
 107.152
 77.66
 158.038
 108.992
 119.996
 127.545
 142.622
 103.547
 82.784
 92.929
 82.741
 132.187
 118.453
 122.782
 130.68
 78.631
 108.042
 127.518
 120.019
 126.488
 73.086
 130.992
 124.964
 194.752
 133.376
 96.302
 129.364
 92.323
 119.952
 134.744
 94.812
 93.243
 74.081
 130.814
 89.285
 104.783
 104.05
 89.32
 91.201
 82.946
 84.32
 114.244
 131.02
 125.223
 129.021
 130.956
 121.428
 89.984
 102.995
 132.233
 120.846
 94.933
 93.125
 135.889
 128.005
 147.003
 66.504
 111.088
 121.149
 117.922
 117.054
 109.895
 83.864
 85.282
 89.283
 102.487
 107.198
 111.583
 144.465
 105.722
 140.118
 99.779
 130.039
 76.06
 123.243
 92.422
 106.993
 129.835
 108.897
 192.915
 146.763
 140.009
 74.992
 90.565
 125.53
 84.377
 129.928
 106.13
 75.179
 89.37
 72.362
 133.949
 70.39
 110.033
 81.769
 83.146
 94.449
 108.813
 107.127
 111.454
 155.963
 117.956
 111.398
 124.168
 135.232
 137.489
 146.855
 79.998
 126.017
 193.618
 113.958
 141.78
 141.511
 97.067
 90.033
 108.975
 92.922
 80.613
 141.275
 119.89
 103.551
 129.817
 96.391
 71.205
 98.997
 96.376
 123.074
 110.04
 94.79
 111.508
 123.477
 71.015
 136.11
 117.631
 104.371
 138.8
 117.542
 100.509
 76.046
 80.681
 129.458
 84.986
 111.427
 80.735
 115.179
 115.795
 70.038
 114.461
 80.318
 133.204
 84.977
 112.968
 103.798
 129.78
 83.206
 76.602
 84.133
 117.415
 85.574
 133.015
 128.076
 98.92
 86.03
 76.674
 113.569
 82.279
 105.306
 81.306
 82.303
 87.835
 125.939
 126.916
 75.615
 121.012
 143.967
 130.515
 71.271
 89.978
 120.436
 145.219
 151.153
 121.547
 88.657
 129.759
 123.948
 136.423
 114.152
 75.923
 79.479
 112.081
 105.638
 137.946
 81.638
 139.833
